time,x,y,z,phi,theta,psi,x_velocity,y_velocity,z_velocity,phi_velocity,theta_velocity,psi_velocity,rotor_speed1,rotor_speed2,rotor_speed3,rotor_speed4
0.06,-9.19902543812e-08,3.70453948291e-07,10.0045092023,0.000317161671749,6.28274873044,0.0,1.33208690276e-05,3.15414714002e-05,0.150298077619,0.0141823979846,-0.0286867323455,0.0,453.889641121015,451.58201514119645,451.84690040539857,452.98852600948146
0.12000000000000001,1.57180900383e-05,1.26490477295e-05,10.0160965232,0.00178365067857,6.28128941817,0.0,0.000671331055517,0.000498846203539,0.235931251004,0.0395817210432,-0.0167754949856,0.0,431.3221740237,432.3266515117124,431.8080334021838,433.9451245557537
0.18,9.41050432446e-05,8.32148491994e-05,10.0308801072,0.00379631530157,6.28023280118,0.0,0.00203465780898,0.00205514811266,0.256849476975,0.0173563498413,-0.0193343025798,0.0,410.2242896812008,409.99709236307746,413.0906438615125,411.1269694963196
0.23999999999999996,0.00028571858808,0.000294062584623,10.0505645977,0.00489467927566,6.27896654429,0.0,0.00448342954113,0.00508887627264,0.399259609374,0.0201407615415,-0.0249022319661,0.0,450.1635260844324,449.71283118708794,450.44388252409044,450.6688951953725
0.3,0.000677002465092,0.000739605803679,10.0840870151,0.00553483468415,6.27756736449,0.0,0.00875291005492,0.00990995466674,0.718007510502,-0.0260693007692,-0.0203291312006,0.0,501.10217802848484,501.43446195114944,503.9000504321132,500.548918529124
0.36000000000000004,0.001340048959,0.00145912814415,10.1333418038,0.00366790645792,6.27719733005,0.0,0.0134304767217,0.0138746225763,0.923675561122,-0.0438360523063,0.0129356134697,0.0,467.0922893034475,469.67900219333416,471.87792958793165,470.50427647127896
0.4200000000000001,0.00227019621813,0.00236015933593,10.192438827,0.00157551442658,6.27829690469,0.0,0.0174731997421,0.0159151889336,1.04612208236,-0.0212151829509,0.0273704911986,0.0,444.42266484583024,445.6040379555006,443.750740744939,445.6029150498619
0.48000000000000015,0.00341406010486,0.00334295361108,10.2584171094,0.0001882062367,6.28013392503,0.0,0.0204751727471,0.0167077466701,1.15305286773,-0.0272367400223,0.0364256530291,0.0,440.0751690271064,440.82429450175204,440.2134823235491,439.7149286973301
0.5400000000000001,0.00470414110938,0.00434307915143,10.3332200803,6.28201864597,6.2819167026,0.0,0.0222927249585,0.0164595951552,1.340179485,-0.0146012766597,0.0108312309091,0.0,466.7331205860015,464.73171729132423,463.8610242476292,464.8520802089557
0.6000000000000002,0.00607189138042,0.00529570537977,10.4221861056,6.28098964687,6.28241980129,0.0,0.0232232921544,0.0151726153159,1.62499456908,-0.0228084124795,0.0029784490836,0.0,493.4128797239665,492.8327373434233,494.7632159130763,494.15876551808645
0.6600000000000003,0.00748395858574,0.0061442321466,10.5274133081,6.27989292045,6.2823126043,0.0,0.0238379673818,0.0129597482406,1.882191621,-0.0104855041104,-0.0136108966656,0.0,487.1056165984067,485.8635921277078,486.4742377821042,487.39608978379385
0.7200000000000003,0.0089391606993,0.00683938377615,10.6469457352,6.2794952379,6.28126844073,0.0,0.0247781288277,0.0101529380003,2.1018450594,0.000145342489699,-0.0263350647585,0.0,476.66943787927187,475.6962168774956,476.7505647773693,477.562186878105
0.7800000000000004,0.0104799925905,0.00735815311498,10.7798767869,6.27926417185,6.27938546237,0.0,0.0267878942078,0.00712940976759,2.32875572027,-0.013365769836,-0.0441092099335,0.0,480.50270055845806,479.1531015543832,479.8087985564924,478.78207103511215
0.8400000000000004,0.0121724338844,0.00770462567855,10.9219195109,6.27807019982,6.27718381847,0.0,0.0298621461043,0.00432694026524,2.40584106025,-0.0380380925778,-0.0249317112358,0.0,434.21061602282884,435.81569485675135,435.72528479071633,433.6577597810767
0.9000000000000005,0.0140747901107,0.00786700057574,11.0662207631,6.27526969776,6.27549711934,0.0,0.033687337594,0.00087490221031,2.40420192907,-0.0758614703764,-0.0353801239123,0.0,409.81716308711594,408.887105867895,410.79490059886007,407.42520219544537
0.9600000000000005,0.0162725218483,0.00772755222295,11.214734938,6.27030050555,6.27281094238,0.0,0.0398096256007,-0.00602889096757,2.54595895378,-0.102749534068,-0.0805118656566,0.0,457.6194487614243,454.0111291822955,456.1325095604773,453.9744240916105
1.0200000000000005,0.0188836335623,0.00708898809489,11.3695752318,6.26425425285,6.26788109565,0.0,0.0477010533214,-0.0158490438312,2.6152134556,-0.0970840968509,-0.0856898137869,0.0,433.1785290390182,432.73720096309603,433.5756540590319,434.0423025174154
1.0800000000000005,0.0220714844704,0.0057366758854,11.5288798129,6.25819872135,6.26297314066,0.0,0.0590540224446,-0.0298106499228,2.69473386742,-0.109989246506,-0.07497875266,0.0,437.6183338725967,438.50340785168237,436.5782096369111,435.49098424903207
1.1400000000000006,0.0260168406453,0.00344748173312,11.692006041,6.25181610492,6.25853303864,0.0,0.0728769144216,-0.0471038030882,2.7426663086,-0.0999910934295,-0.0721169328619,0.0,427.23509286937934,427.47451068855474,426.85143374812907,427.6933311169119
1.2000000000000006,0.0308304917593,5.86664930574e-05,11.8562214442,6.24584020326,6.2541734274,0.0,0.0879503152545,-0.066369118756,2.73117920005,-0.0988248533312,-0.0737688184709,0.0,407.90378313540253,407.75162812912066,407.69224730397997,407.7869136386445
1.2600000000000007,0.0367649687231,-0.00477029455052,12.02444783,6.23969949096,6.2495523704,0.0,0.110345517644,-0.0952360374766,2.87597007189,-0.110519144463,-0.0844642378082,0.0,457.80470519204687,456.94832930579815,459.41913665025766,458.48216454977023
1.3200000000000007,0.0440285412175,-0.0113157588968,12.1979248313,6.23286690056,6.24476864443,0.0,0.132221631805,-0.123558056578,2.90647063561,-0.121609288941,-0.0716347931658,0.0,423.0560253244366,424.15373739969937,422.4843236283092,421.51461681045384
1.3800000000000008,0.0527487596462,-0.019766254373,12.3747067625,6.2255347557,6.23988849675,0.0,0.15887839564,-0.158836940809,2.98599358898,-0.123414624526,-0.12112828251,0.0,440.7187576510605,436.6019731511668,439.3853795226485,439.2219754620293
1.4400000000000008,0.063218154756,-0.0305334226729,12.5571428437,6.21819381753,6.23270449636,0.0,0.190835532365,-0.200810325273,3.0948307605,-0.120300543729,-0.117082488289,0.0,448.30471526534177,448.6205554856562,449.0458177927023,449.2849857823275
1.5000000000000009,0.0758853878617,-0.0441386511117,12.7486078254,6.2108256621,6.22565459889,0.0,0.2321920392,-0.253500161341,3.28668920144,-0.128339925583,-0.118342325852,0.0,475.0253464121881,474.9173114005225,474.8951537365106,474.26542544822314
1.560000000000001,0.0910596734061,-0.0609039461113,12.9491942908,6.20332474087,6.21878594527,0.0,0.274322864741,-0.306102493522,3.39907734795,-0.119086128439,-0.107698686425,0.0,451.32997668461354,452.17670682120325,452.067875174781,452.79897574027166
1.620000000000001,0.108661089723,-0.08068013074,13.1528099029,6.19585223606,6.21204351072,0.0,0.31295634323,-0.353724530538,3.38803217833,-0.138618988781,-0.123902421202,0.0,413.22813298787725,411.7846842445113,414.4308519737568,412.69461884293594
1.680000000000001,0.128953449537,-0.103754962802,13.3592082678,6.18741130119,6.20451080208,0.0,0.364200038375,-0.416259906499,3.4914386598,-0.145160268242,-0.129047683221,0.0,450.7235203227645,450.2933461802817,450.7366253558876,450.1894935121055
1.740000000000001,0.152267594522,-0.130502266966,13.5691683101,6.17865482428,6.19685990388,0.0,0.413622803077,-0.476085750289,3.50701338623,-0.147548926515,-0.124616284056,0.0,422.7461018400645,423.1120343473753,423.6777796411053,423.45125256492105
1.8000000000000012,0.178853397368,-0.161199765375,13.7819345205,6.16955372765,6.18898560832,0.0,0.473300793887,-0.548012049298,3.58474488589,-0.161587481709,-0.149712370874,0.0,445.4231230748361,443.3495456227661,444.09376254656064,442.9187576125498
1.8600000000000012,0.209229359418,-0.19645109673,13.9998008362,6.15987277754,6.17987763307,0.0,0.540113872227,-0.627959816046,3.67691204259,-0.160877381125,-0.156333815055,0.0,449.6410846154507,449.0828280840053,449.6536828236803,449.6867774420492
1.9200000000000013,0.243674818618,-0.236543959012,14.2219528385,6.15006717164,6.17004623965,0.0,0.608951559421,-0.709350901781,3.72770883666,-0.169078548624,-0.186414561815,0.0,439.40916946829805,436.88117893097524,437.2705878690989,436.560763705125
1.9800000000000013,0.283051817819,-0.282412201222,14.4522961909,6.14021771006,6.15954143783,0.0,0.704820146345,-0.820656180205,3.94924775974,-0.155797899954,-0.158795169591,0.0,489.53422275676064,491.5581675979464,490.4352326910321,491.3976568544858
2.0400000000000014,0.327393102072,-0.334003560345,14.6877145799,6.13069003546,6.15015406098,0.0,0.773991967512,-0.899810483766,3.89791499358,-0.165576015402,-0.152152059904,0.0,406.03022242757305,406.60011175219165,407.3718056472505,406.46981853197127
2.1000000000000014,0.376709921824,-0.39126203583,14.9249257193,6.12082764008,6.14114818298,0.0,0.870778322492,-1.00973720806,4.0083281746,-0.162073189365,-0.146281815586,0.0,459.57499846505647,460.019702432721,460.4713409174483,460.72363976737205
2.1600000000000015,0.431922886334,-0.455205675036,15.1680208881,6.11171828016,6.13256680792,0.0,0.97046130571,-1.1225660628,4.09411664767,-0.136705756436,-0.137199665732,0.0,454.4131453728392,455.1220450251161,452.58384877376255,454.5994125703002
2.2200000000000015,0.493707026794,-0.526564215312,15.4188871129,6.10350149368,6.12402878285,0.0,1.08983367651,-1.256821417,4.26697214986,-0.137431659421,-0.155182713937,0.0,483.4590563067008,482.0847018998776,482.0482387794201,481.9776241808884
2.2800000000000016,0.562484407704,-0.605749922998,15.6778154774,6.09637941,6.11424870931,0.0,1.2036221749,-1.38335064423,4.36312106296,-0.0957481385589,-0.187095946281,0.0,463.5369396506976,460.9967301066039,458.7206901074263,462.00588996312
2.3400000000000016,0.637699396725,-0.692013764601,15.9390383933,6.09021464883,6.10315896153,0.0,1.30447527155,-1.4925751865,4.34394004405,-0.122845364138,-0.180648601851,0.0,425.9880090515178,426.50429714531685,426.119807134849,423.78653766621204
2.4000000000000017,0.718623478768,-0.784380448994,16.1962195295,6.08341010212,6.09246439279,0.0,1.39380389397,-1.58685464353,4.22878908936,-0.0992076120306,-0.173825983621,0.0,392.1921933131793,392.79017160944267,391.40940715225275,393.5897458627259
2.4600000000000017,0.806625448865,-0.884100212705,16.4543211253,6.07742552318,6.08285035956,0.0,1.54051915239,-1.73760185718,4.373429212,-0.100834933353,-0.141686609521,0.0,476.65865007128053,479.0853996494759,480.59668844621757,480.46556283455476
2.520000000000002,0.902607412426,-0.991961546597,16.7161136664,6.07174828629,6.07479834328,0.0,1.65953810426,-1.85823624515,4.35258314873,-0.0844401802653,-0.122355932754,0.0,427.3084914485981,428.935797885485,428.1197404812245,429.50451846952177
2.580000000000002,1.00625222918,-1.10754085529,16.9783925373,6.06630326408,6.06700952855,0.0,1.79588571697,-1.99480506153,4.38936926319,-0.107975067029,-0.152060270685,0.0,450.1550080059432,447.72854462980484,449.22832023484267,447.3084559522015
2.640000000000002,1.11909142995,-1.23226434016,17.2466225862,6.059761846,6.05766191966,0.0,1.96621643087,-2.1631311648,4.55022432216,-0.111205875081,-0.164548836119,0.0,489.6113745178853,488.66055819105935,489.0503127233757,488.80027883289006
2.700000000000002,1.24073371223,-1.3656625246,17.517549349,6.05324917948,6.04772993022,0.0,2.0892793895,-2.28398308576,4.48035384138,-0.103695972142,-0.167575330281,0.0,417.2994795714998,417.00701388179056,416.5865495269945,417.2315640200769
2.760000000000002,1.37023583801,-1.5067183398,17.7855195703,6.04684979772,6.03760026991,0.0,2.22823348855,-2.41835105469,4.45142585024,-0.113347931235,-0.171454068001,0.0,432.835156586553,432.4803786219048,431.9185989893174,431.09325492534475
2.820000000000002,1.5086842925,-1.65635557669,18.0533749325,6.04013299509,6.02706779334,0.0,2.3875225352,-2.57004649105,4.47617801648,-0.109284327854,-0.185299540011,0.0,452.14900136940963,451.0026271640587,451.2307738328537,451.54783761791174
2.880000000000002,1.6573259673,-1.81561984624,18.3242508141,6.03403249815,6.01617867864,0.0,2.56806377432,-2.73917745662,4.5517701532,-0.0896722042308,-0.174788095774,0.0,470.65336156244973,471.43641712805066,468.19976232045065,469.71479547333865
2.940000000000002,1.81629964167,-1.98450600847,18.5970596352,6.02962133378,6.0055798876,0.0,2.73183424977,-2.89068060045,4.54108227824,-0.052650347324,-0.180643261096,0.0,444.6635002912959,444.15337221843936,442.85040057764746,445.88094941173165
3.000000000000002,1.98587641234,-2.16307719203,18.8711600349,6.02669480762,5.99514820223,0.0,2.92149879856,-3.06180207256,4.59446572055,-0.0419773203665,-0.162929752843,0.0,467.1351174727531,468.4869062765431,466.3328182426667,467.1645468823051
3.0600000000000023,2.16674687274,-2.35173509814,19.1474777097,6.0237720435,5.98523023572,0.0,3.10819082718,-3.22690535039,4.61515834391,-0.0676847456339,-0.170510775154,0.0,458.8593035291608,458.23173729948843,460.5815859628855,458.5419549713413
3.1200000000000023,2.35813600942,-2.54964789386,19.4222714262,6.01972236843,5.9746422219,0.0,3.27215215065,-3.37048867056,4.5440925548,-0.0671171402946,-0.192321718345,0.0,430.78930125537727,428.90886547452595,430.09640126269716,430.1409029894247
3.1800000000000024,2.560831367,-2.75730894481,19.6966545295,6.0155571696,5.96293761702,0.0,3.48514673209,-3.55170874428,4.60061167674,-0.0744741443639,-0.201239797138,0.0,474.5239987494494,473.8041315690716,474.90760860110885,474.3395199742875
3.2400000000000024,2.77490919412,-2.97464158859,19.969648175,6.01144906276,5.95129892704,0.0,3.6515646085,-3.69303725096,4.49867294235,-0.0585703822487,-0.182425435711,0.0,421.8110820094984,423.3939121704978,423.6359970840576,424.9977349145755
3.3000000000000025,3.00106156762,-3.20201909249,20.2418062161,6.00794308622,5.94042339252,0.0,3.8874884631,-3.88628737566,4.5716743711,-0.0581595844543,-0.179025619464,0.0,483.53834052017334,483.7655852370693,484.5248945538057,484.5537188341049
3.3600000000000025,3.24055457007,-3.44029321221,20.5155031199,6.0044729383,5.92976671615,0.0,4.09623151906,-4.05635997326,4.55049972865,-0.0571962309554,-0.174926663335,0.0,456.1397371997627,456.43749874133573,456.8039063864173,456.8785252289615
3.4200000000000026,3.49099987287,-3.68754877433,20.7833271748,6.00094171935,5.91947311192,0.0,4.25260251066,-4.18586538282,4.37685804236,-0.0623919288724,-0.165566075027,0.0,404.45694800011836,405.26788383212124,403.1129783345096,402.64024516176266
3.4800000000000026,3.75206276417,-3.94345950657,21.0434859254,5.99682186428,5.91031569172,0.0,4.44999378332,-4.34478341563,4.29437793002,-0.0857455040401,-0.134703141157,0.0,436.8474921640908,439.39092899276096,439.08149906348035,437.1353932535457
3.5400000000000027,4.02507522894,-4.20898428086,21.2985901166,5.99179930796,5.90215801895,0.0,4.65078589745,-4.50642952987,4.20836104461,-0.0799219647625,-0.138601058506,0.0,439.1195219485173,438.77861973228835,437.9991189089237,438.477452031802
3.6000000000000028,4.31114757882,-4.48495702221,21.5506176713,5.98683443858,5.89353099276,0.0,4.8852403307,-4.69294603512,4.19131066244,-0.0890971326451,-0.156936015073,0.0,465.50409361186615,464.0481660770846,464.6306308144336,463.90528350355675
3.660000000000003,4.61047674957,-4.77156073389,21.7993445054,5.98210960034,5.8845272071,0.0,5.09279546024,-4.86087996462,4.09874432711,-0.063512919304,-0.139010071175,0.0,439.8895772549834,441.35025006866164,440.36394046416746,442.4704389684709
3.720000000000003,4.92557791913,-5.07059030242,22.0496780669,5.97838554765,5.87585374396,0.0,5.41055455998,-5.10671034733,4.24326214793,-0.0593242567815,-0.158950721843,0.0,522.1827705062128,520.7731315670036,521.6080214571333,521.8983683551783
3.780000000000003,5.25657562732,-5.38215430073,22.301207711,5.97483779967,5.86619939152,0.0,5.6230855654,-5.2790403606,4.14020848846,-0.0587418807298,-0.165128711964,0.0,445.44193566086994,444.91166734868494,444.34190783740297,444.387214504021
3.840000000000003,5.60250838091,-5.70555462784,22.5508878756,5.97152260366,5.85693888968,0.0,5.9081235116,-5.50098980375,4.18051365692,-0.0490597720828,-0.138638343656,0.0,493.87897175618264,495.8090440035072,496.9449405132447,497.6525985949796
3.900000000000003,5.96446645173,-6.04154250938,22.8003298275,5.9687740732,5.84885457054,0.0,6.15724478186,-5.69876148659,4.13293820709,-0.0399938010476,-0.127906891111,0.0,470.27548527955645,471.09051760593184,470.5632981161475,471.2636627665946
3.960000000000003,6.34268706001,-6.39029251408,23.0493180658,5.9663894435,5.84087214756,0.0,6.44996154082,-5.9262054179,4.16477005391,-0.0392486352436,-0.146031758261,0.0,500.5587326552275,499.2232540548503,500.8318885198115,500.8854929545601
4.020000000000002,6.73822134782,-6.75253376339,23.2993800686,5.96489059839,5.83243921771,0.0,6.73444530774,-6.14846160658,4.16883295178,-0.00578185189455,-0.131382594969,0.0,495.72830528898385,496.78763679902625,493.4799608043859,495.94470512271334
4.080000000000001,7.14820937412,-7.12642401518,23.544260974,5.9645549195,5.82479673538,0.0,6.93208454939,-6.31487115274,3.99353670242,-0.00522282865472,-0.12037612301,0.0,434.8374379217873,435.7435634836197,436.7205935377737,436.7673322989081
4.14,7.57219186651,-7.51168789933,23.7825639175,5.96416530527,5.8178943797,0.0,7.20050115912,-6.52728027961,3.94855231909,-0.00916464724871,-0.106078036863,0.0,484.08778902922535,485.1521059230914,483.01189047598155,482.71453909996274
4.199999999999998,8.01005833437,-7.90834635832,24.0137875816,5.96356263543,5.8119916614,0.0,7.39518875827,-6.69509755224,3.75870412395,-0.0118649682417,-0.0862624694665,0.0,433.59708431815505,435.25046382031553,434.6173702526418,434.39102493715063
4.259999999999997,8.45952354189,-8.31509990659,24.2333885133,5.96274190962,5.80675699405,0.0,7.5870663749,-6.86384441669,3.5612020635,-0.0175782546478,-0.0892830825053,0.0,431.7848839737212,431.52333040283526,432.5688819787429,432.08742052910736
4.319999999999996,8.9228769549,-8.73351764597,24.4454403596,5.96161218695,5.80097093867,0.0,7.85766470908,-7.0835810125,3.50588030852,-0.0214546706101,-0.11723127433,0.0,485.6380088906146,483.5289094016689,484.15328784636154,483.86153498120325
4.379999999999995,9.40147469327,-9.16459760825,24.6522319541,5.96093573084,5.79354198054,0.0,8.09550453151,-7.28604476696,3.38621928326,0.00377975159219,-0.142137884053,0.0,466.37799767716785,464.4142553943147,463.16641093877814,465.1475707511786
4.439999999999993,9.89349367216,-9.60738330427,24.8501625204,5.96162674968,5.78510097413,0.0,8.30528181628,-7.47385115141,3.21092293067,0.0236884872817,-0.137925667671,0.0,445.79994162747096,446.1257898560657,446.3479027650569,447.9702418689929
4.499999999999992,10.3978417637,-10.0613463273,25.0369712555,5.96289822847,5.77672851158,0.0,8.50650627197,-7.65867386774,3.01568123654,0.0156603753471,-0.142980871468,0.0,440.1210232552417,439.6839377854153,440.9365412925314,440.27256269132727
4.559999999999991,10.917192156,-10.528122477,25.2169213984,5.96359227724,5.76863349065,0.0,8.80479583061,-7.90052661639,2.98088922453,0.00177493384264,-0.122351138593,0.0,498.6684667881973,500.1587597660629,499.7498911231671,498.7362966536488
4.6199999999999894,11.4525823848,-11.0084364632,25.3914668379,5.96429405268,5.76190880321,0.0,9.04138702076,-8.11032228854,2.83646746379,0.0264607862823,-0.0969320626541,0.0,463.68207149354066,465.66450189331965,463.4659529431269,465.402773660468
4.679999999999988,12.0006583385,-11.500616655,25.5547673705,5.96600167328,5.75585667468,0.0,9.22790004714,-8.29633289095,2.60690230999,0.0321857246689,-0.110202721328,0.0,435.2754461291584,434.1538184563556,432.84964655525033,433.33160937730366
4.739999999999987,12.5582587867,-12.0031896922,25.7015505037,5.96762973517,5.74936482341,0.0,9.35922907534,-8.45703747831,2.28658859558,0.0143961259357,-0.10446483793,0.0,396.51942205633594,397.0345835563731,396.65100003586946,395.0133835139821
4.799999999999986,13.1235030346,-12.5154287399,25.828737035,5.96870027392,5.74278750348,0.0,9.48269242552,-8.61860942885,1.95370674859,0.0239703573237,-0.122694836058,0.0,389.74046388706944,388.01928007373215,388.30372709891503,389.20125883178395
4.859999999999984,13.7005159133,-13.0397589859,25.9428415978,5.97044233891,5.73548212022,0.0,9.75068531695,-8.85940876768,1.84857953685,0.0376106501331,-0.119944344336,0.0,477.15770173243203,477.35542185224716,478.2063452451508,479.24478509068524
4.919999999999983,14.2911667992,-13.5774218666,26.0467270294,5.97272278988,5.72828395006,0.0,9.93775851492,-9.06343691752,1.61417447456,0.0387894742251,-0.120019817573,0.0,432.36620021669813,432.34643223790283,430.6272748972506,430.7277633853803
4.979999999999982,14.8935369049,-14.1277162033,26.137264404,5.97592235372,5.72059775646,0.0,10.1412248032,-9.28040379055,1.40345493933,0.0727693358174,-0.153697343032,0.0,441.6421932248325,438.8384138593587,440.83418528078425,443.6358994035462
5.0399999999999805,15.5092975,-14.6917268265,26.2168730854,5.97989269942,5.71142533642,0.0,10.3839936127,-9.52041246551,1.24933656632,0.0477845672616,-0.15127717014,0.0,463.0355063287281,463.2049270332005,465.74750719402084,463.7914596115941
